0.000000000000000000e+00 8.006824464168050781e+01 0.000000000000000000e+00 7.121261756177763402e+01 0.000000000000000000e+00 1.018679026975622008e+02 4.173975203567936632e+01 0.000000000000000000e+00 8.294483528225249813e+01 1.111671295842435683e+02 0.000000000000000000e+00 0.000000000000000000e+00 0.000000000000000000e+00 0.000000000000000000e+00 7.284684962302762301e+01 0.000000000000000000e+00 3.805942984333842105e+01 0.000000000000000000e+00 3.647962993233346651e+01 0.000000000000000000e+00 0.000000000000000000e+00 0.000000000000000000e+00 0.000000000000000000e+00 0.000000000000000000e+00 8.996295682112722147e+01 9.408678706385929047e+01 0.000000000000000000e+00 0.000000000000000000e+00 4.920029776332659566e+01 9.253244512061701244e+01 6.522023152366142540e+01 7.262092122797672289e+01 3.568505849792038731e+01 0.000000000000000000e+00 5.673949682540372663e+01 6.538141861415978440e+01 6.435722880920215516e+01 9.252306361118832001e+01 7.445342772498791817e+01 9.637899096794902221e+01 6.997521632692534865e+01 9.526813160758428012e+01 9.110801391754733913e+01 0.000000000000000000e+00 8.471150630227276679e+01 0.000000000000000000e+00 0.000000000000000000e+00 0.000000000000000000e+00 0.000000000000000000e+00 0.000000000000000000e+00 0.000000000000000000e+00 0.000000000000000000e+00 0.000000000000000000e+00 0.000000000000000000e+00 0.000000000000000000e+00 0.000000000000000000e+00 0.000000000000000000e+00 0.000000000000000000e+00 0.000000000000000000e+00 0.000000000000000000e+00 0.000000000000000000e+00 0.000000000000000000e+00 0.000000000000000000e+00 0.000000000000000000e+00 0.000000000000000000e+00 0.000000000000000000e+00 0.000000000000000000e+00 0.000000000000000000e+00 0.000000000000000000e+00 0.000000000000000000e+00 0.000000000000000000e+00 0.000000000000000000e+00 0.000000000000000000e+00 0.000000000000000000e+00 0.000000000000000000e+00 0.000000000000000000e+00 0.000000000000000000e+00 0.000000000000000000e+00 0.000000000000000000e+00 0.000000000000000000e+00 4.852686060317522276e+01 0.000000000000000000e+00 0.000000000000000000e+00 0.000000000000000000e+00 0.000000000000000000e+00 0.000000000000000000e+00 0.000000000000000000e+00 0.000000000000000000e+00 7.820718253459844505e+01 0.000000000000000000e+00
8.006824464168050781e+01 0.000000000000000000e+00 7.434355990938287562e+01 4.465784029708557057e+01 1.035211369721179153e+02 8.980446870841116436e+01 8.687738773697100214e+01 4.520291804740043773e+01 1.115062962347866744e+02 8.780699573496409016e+01 9.795993313595104723e+01 3.945893308238326114e+01 1.022988118210568445e+02 5.468514332064971484e+01 1.077934548105774297e+02 7.570611666173348908e+01 9.639654246911555902e+01 0.000000000000000000e+00 4.936419552671753763e+01 0.000000000000000000e+00 0.000000000000000000e+00 0.000000000000000000e+00 0.000000000000000000e+00 7.075699470723725426e+01 0.000000000000000000e+00 9.052914944922436291e+01 9.560404698547023372e+01 0.000000000000000000e+00 9.186888537475569194e+01 5.211155534044250004e+01 0.000000000000000000e+00 0.000000000000000000e+00 4.848316202559399812e+01 0.000000000000000000e+00 6.397600253219953004e+01 5.651064766926671723e+01 9.185471844167832955e+01 6.463358956456001181e+01 9.627846747845543973e+01 0.000000000000000000e+00 9.501565186852111822e+01 7.154364472124690622e+01 9.696264332205471703e+01 8.175441333652881326e+01 0.000000000000000000e+00 0.000000000000000000e+00 0.000000000000000000e+00 0.000000000000000000e+00 0.000000000000000000e+00 0.000000000000000000e+00 0.000000000000000000e+00 7.870190213711484262e+01 1.206016757760853011e+02 9.496253208502814402e+01 1.073338315723425609e+02 0.000000000000000000e+00 0.000000000000000000e+00 0.000000000000000000e+00 0.000000000000000000e+00 0.000000000000000000e+00 0.000000000000000000e+00 0.000000000000000000e+00 0.000000000000000000e+00 0.000000000000000000e+00 0.000000000000000000e+00 0.000000000000000000e+00 0.000000000000000000e+00 0.000000000000000000e+00 0.000000000000000000e+00 0.000000000000000000e+00 0.000000000000000000e+00 0.000000000000000000e+00 0.000000000000000000e+00 5.310328991691569911e+01 7.907984066751778585e+01 0.000000000000000000e+00 0.000000000000000000e+00 5.317981289925717192e+01 9.399994999998669698e+01 0.000000000000000000e+00 1.054173771254056646e+02 0.000000000000000000e+00 0.000000000000000000e+00 7.299724994820010693e+01 1.139733490777558842e+02 6.300828516949179914e+01 1.182406233068821422e+02 8.738422340445670500e+01 1.198507104693167946e+02 0.000000000000000000e+00
0.000000000000000000e+00 7.434355990938287562e+01 0.000000000000000000e+00 4.055074598573988709e+01 5.693357796590691322e+01 0.000000000000000000e+00 0.000000000000000000e+00 5.665800649511064790e+01 0.000000000000000000e+00 0.000000000000000000e+00 4.385931144010357485e+01 7.441959083467203584e+01 3.944427715144492197e+01 7.441768472614558050e+01 5.721614282700294041e+01 8.059191894973093895e+01 0.000000000000000000e+00 0.000000000000000000e+00 3.791926818914099329e+01 4.815430406516119177e+01 5.811888935621533392e+01 6.363360747278123597e+01 0.000000000000000000e+00 3.405119381167127557e+01 0.000000000000000000e+00 5.853033914133763460e+01 6.184480657258134073e+01 6.593774715593490043e+01 0.000000000000000000e+00 0.000000000000000000e+00 0.000000000000000000e+00 0.000000000000000000e+00 0.000000000000000000e+00 0.000000000000000000e+00 0.000000000000000000e+00 8.339199841711433692e+01 7.659978981694401057e+01 8.951453178115831122e+01 8.087265297985470625e+01 0.000000000000000000e+00 0.000000000000000000e+00 8.262307062800316260e+01 1.195173799076937797e+02 1.179716711757530447e+02 1.165862530489765732e+02 0.000000000000000000e+00 0.000000000000000000e+00 0.000000000000000000e+00 0.000000000000000000e+00 0.000000000000000000e+00 0.000000000000000000e+00 0.000000000000000000e+00 0.000000000000000000e+00 0.000000000000000000e+00 9.849142653043462303e+01 0.000000000000000000e+00 0.000000000000000000e+00 0.000000000000000000e+00 0.000000000000000000e+00 0.000000000000000000e+00 0.000000000000000000e+00 0.000000000000000000e+00 0.000000000000000000e+00 0.000000000000000000e+00 0.000000000000000000e+00 0.000000000000000000e+00 0.000000000000000000e+00 0.000000000000000000e+00 0.000000000000000000e+00 0.000000000000000000e+00 0.000000000000000000e+00 0.000000000000000000e+00 0.000000000000000000e+00 0.000000000000000000e+00 5.456625055838086524e+01 0.000000000000000000e+00 6.301892810894200636e+01 6.995830329560601513e+01 6.689451472280816802e+01 8.857890155110301578e+01 0.000000000000000000e+00 0.000000000000000000e+00 0.000000000000000000e+00 0.000000000000000000e+00 0.000000000000000000e+00 1.134049244962492793e+02 0.000000000000000000e+00 9.938722956195127267e+01 9.594560385968708260e+01 0.000000000000000000e+00
7.121261756177763402e+01 4.465784029708557057e+01 4.055074598573988709e+01 0.000000000000000000e+00 7.074919434170257659e+01 6.037726476083526705e+01 5.598116290324808375e+01 1.859000000000000341e+01 7.739646115940961124e+01 5.969842376478628410e+01 0.000000000000000000e+00 3.954235324307343546e+01 0.000000000000000000e+00 0.000000000000000000e+00 8.048867870700821925e+01 0.000000000000000000e+00 0.000000000000000000e+00 0.000000000000000000e+00 0.000000000000000000e+00 0.000000000000000000e+00 0.000000000000000000e+00 0.000000000000000000e+00 0.000000000000000000e+00 0.000000000000000000e+00 0.000000000000000000e+00 0.000000000000000000e+00 0.000000000000000000e+00 0.000000000000000000e+00 7.403881549565740272e+01 0.000000000000000000e+00 3.979219647116755709e+01 0.000000000000000000e+00 5.361351042414589330e+01 0.000000000000000000e+00 0.000000000000000000e+00 7.752211942407147660e+01 8.833168740604925517e+01 7.467771689064952056e+01 9.073830613362804343e+01 0.000000000000000000e+00 0.000000000000000000e+00 6.869169673257459863e+01 1.195593162409354022e+02 0.000000000000000000e+00 0.000000000000000000e+00 0.000000000000000000e+00 0.000000000000000000e+00 0.000000000000000000e+00 0.000000000000000000e+00 0.000000000000000000e+00 0.000000000000000000e+00 0.000000000000000000e+00 0.000000000000000000e+00 0.000000000000000000e+00 1.096292958109281983e+02 0.000000000000000000e+00 0.000000000000000000e+00 0.000000000000000000e+00 0.000000000000000000e+00 0.000000000000000000e+00 0.000000000000000000e+00 0.000000000000000000e+00 0.000000000000000000e+00 0.000000000000000000e+00 0.000000000000000000e+00 0.000000000000000000e+00 0.000000000000000000e+00 0.000000000000000000e+00 0.000000000000000000e+00 0.000000000000000000e+00 0.000000000000000000e+00 0.000000000000000000e+00 0.000000000000000000e+00 0.000000000000000000e+00 6.666541157151885955e+01 0.000000000000000000e+00 0.000000000000000000e+00 0.000000000000000000e+00 8.790379798393240662e+01 0.000000000000000000e+00 9.830259253956631937e+01 0.000000000000000000e+00 0.000000000000000000e+00 6.814955465738569274e+01 0.000000000000000000e+00 0.000000000000000000e+00 9.864694267943634998e+01 0.000000000000000000e+00 1.145658670809067843e+02 0.000000000000000000e+00
0.000000000000000000e+00 1.035211369721179153e+02 5.693357796590691322e+01 7.074919434170257659e+01 0.000000000000000000e+00 3.506586659416818463e+01 5.362814466304050853e+01 7.333207074670673364e+01 1.489349858159593154e+01 0.000000000000000000e+00 5.707358320624349801e+01 8.190391687825436406e+01 0.000000000000000000e+00 7.432286391145055404e+01 2.558258196507928517e+01 0.000000000000000000e+00 0.000000000000000000e+00 0.000000000000000000e+00 8.665237792467094380e+01 0.000000000000000000e+00 3.342192992632232063e+01 4.146384810892496375e+01 0.000000000000000000e+00 5.065261000185478935e+01 0.000000000000000000e+00 2.584943519692451730e+01 1.613015189017139761e+01 2.791600616134047996e+01 0.000000000000000000e+00 0.000000000000000000e+00 0.000000000000000000e+00 3.977460244930173872e+01 8.371617764805080242e+01 0.000000000000000000e+00 0.000000000000000000e+00 9.878152306985349185e+01 6.865869864773144116e+01 8.128969491885179366e+01 6.386671355252280335e+01 0.000000000000000000e+00 0.000000000000000000e+00 6.420305989592706908e+01 1.278760298101250896e+02 1.268395344519996257e+02 1.341610237736727811e+02 0.000000000000000000e+00 0.000000000000000000e+00 0.000000000000000000e+00 0.000000000000000000e+00 0.000000000000000000e+00 0.000000000000000000e+00 0.000000000000000000e+00 0.000000000000000000e+00 0.000000000000000000e+00 8.909719860915943457e+01 0.000000000000000000e+00 0.000000000000000000e+00 0.000000000000000000e+00 0.000000000000000000e+00 0.000000000000000000e+00 0.000000000000000000e+00 0.000000000000000000e+00 0.000000000000000000e+00 0.000000000000000000e+00 0.000000000000000000e+00 0.000000000000000000e+00 0.000000000000000000e+00 0.000000000000000000e+00 0.000000000000000000e+00 0.000000000000000000e+00 0.000000000000000000e+00 0.000000000000000000e+00 0.000000000000000000e+00 0.000000000000000000e+00 4.925676603269849352e+01 0.000000000000000000e+00 0.000000000000000000e+00 7.443030632746314268e+01 7.464280943265734436e+01 0.000000000000000000e+00 0.000000000000000000e+00 0.000000000000000000e+00 0.000000000000000000e+00 0.000000000000000000e+00 0.000000000000000000e+00 1.130014557428354607e+02 4.350980808967099733e+01 7.159642239665330976e+01 8.295035021023119270e+01 0.000000000000000000e+00
1.018679026975622008e+02 8.980446870841116436e+01 0.000000000000000000e+00 6.037726476083526705e+01 3.506586659416818463e+01 0.000000000000000000e+00 7.334980368071887824e+01 5.385884514172208526e+01 4.939158329108310852e+01 1.570924250242512699e+01 0.000000000000000000e+00 5.794603869118233774e+01 0.000000000000000000e+00 0.000000000000000000e+00 5.721049816248762454e+01 2.780219235959639335e+01 9.106887393615888016e+01 0.000000000000000000e+00 0.000000000000000000e+00 0.000000000000000000e+00 0.000000000000000000e+00 0.000000000000000000e+00 0.000000000000000000e+00 0.000000000000000000e+00 0.000000000000000000e+00 1.291998065014030672e+01 0.000000000000000000e+00 0.000000000000000000e+00 6.998613076888878481e+01 0.000000000000000000e+00 3.809477391979115168e+01 3.339473910663174649e+01 8.738609385937787977e+01 0.000000000000000000e+00 0.000000000000000000e+00 9.743717309117705838e+01 8.153568605218208631e+01 6.882338338094109531e+01 7.563028824485596147e+01 0.000000000000000000e+00 6.428176179912931332e+01 4.839969937923168430e+01 1.309432755050827382e+02 0.000000000000000000e+00 1.368941448711375415e+02 0.000000000000000000e+00 0.000000000000000000e+00 0.000000000000000000e+00 0.000000000000000000e+00 0.000000000000000000e+00 0.000000000000000000e+00 0.000000000000000000e+00 0.000000000000000000e+00 0.000000000000000000e+00 0.000000000000000000e+00 0.000000000000000000e+00 0.000000000000000000e+00 0.000000000000000000e+00 0.000000000000000000e+00 0.000000000000000000e+00 0.000000000000000000e+00 0.000000000000000000e+00 0.000000000000000000e+00 0.000000000000000000e+00 0.000000000000000000e+00 0.000000000000000000e+00 0.000000000000000000e+00 0.000000000000000000e+00 0.000000000000000000e+00 0.000000000000000000e+00 0.000000000000000000e+00 0.000000000000000000e+00 0.000000000000000000e+00 0.000000000000000000e+00 0.000000000000000000e+00 0.000000000000000000e+00 0.000000000000000000e+00 0.000000000000000000e+00 9.338174768122516411e+01 0.000000000000000000e+00 1.015467055103217007e+02 0.000000000000000000e+00 0.000000000000000000e+00 0.000000000000000000e+00 0.000000000000000000e+00 0.000000000000000000e+00 0.000000000000000000e+00 0.000000000000000000e+00 1.026741087129564534e+02 0.000000000000000000e+00
4.173975203567936632e+01 8.687738773697100214e+01 0.000000000000000000e+00 5.598116290324808375e+01 5.362814466304050853e+01 7.334980368071887824e+01 0.000000000000000000e+00 7.103496111070944607e+01 4.851004844359568580e+01 8.345554385419821131e+01 0.000000000000000000e+00 8.663972472255437651e+01 0.000000000000000000e+00 0.000000000000000000e+00 4.768110527242421171e+01 8.841260882928408193e+01 4.847119866477411421e+01 0.000000000000000000e+00 4.732137888946179061e+01 0.000000000000000000e+00 0.000000000000000000e+00 6.625232373283219545e+01 0.000000000000000000e+00 0.000000000000000000e+00 0.000000000000000000e+00 6.246887064770741205e+01 6.079077314856260728e+01 0.000000000000000000e+00 4.133203116228381191e+01 0.000000000000000000e+00 3.651822969422258325e+01 4.645465423399468108e+01 5.557928660931156628e+01 0.000000000000000000e+00 0.000000000000000000e+00 8.608865546632726762e+01 7.076757025643880183e+01 9.370325394563413113e+01 7.532592913466118034e+01 0.000000000000000000e+00 6.313117771751134200e+01 8.674728929482465389e+01 1.180816857095121293e+02 1.197164750566938523e+02 1.164539703058680402e+02 0.000000000000000000e+00 0.000000000000000000e+00 0.000000000000000000e+00 0.000000000000000000e+00 0.000000000000000000e+00 0.000000000000000000e+00 0.000000000000000000e+00 0.000000000000000000e+00 0.000000000000000000e+00 0.000000000000000000e+00 0.000000000000000000e+00 0.000000000000000000e+00 0.000000000000000000e+00 0.000000000000000000e+00 0.000000000000000000e+00 0.000000000000000000e+00 0.000000000000000000e+00 0.000000000000000000e+00 0.000000000000000000e+00 0.000000000000000000e+00 0.000000000000000000e+00 0.000000000000000000e+00 0.000000000000000000e+00 0.000000000000000000e+00 0.000000000000000000e+00 0.000000000000000000e+00 0.000000000000000000e+00 0.000000000000000000e+00 0.000000000000000000e+00 0.000000000000000000e+00 0.000000000000000000e+00 0.000000000000000000e+00 0.000000000000000000e+00 5.819017185057971631e+01 0.000000000000000000e+00 0.000000000000000000e+00 0.000000000000000000e+00 0.000000000000000000e+00 0.000000000000000000e+00 0.000000000000000000e+00 0.000000000000000000e+00 7.192512287094126577e+01 0.000000000000000000e+00 8.601558521570379412e+01 0.000000000000000000e+00
0.000000000000000000e+00 4.520291804740043773e+01 5.665800649511064790e+01 1.859000000000000341e+01 7.333207074670673364e+01 5.385884514172208526e+01 7.103496111070944607e+01 0.000000000000000000e+00 8.285294261521434578e+01 0.000000000000000000e+00 8.965684413361871918e+01 2.540502706158763502e+01 8.561059455464609869e+01 2.378096928218023010e+01 8.687859287534529074e+01 4.610063231670472561e+01 0.000000000000000000e+00 0.000000000000000000e+00 5.817686653645073136e+01 5.190769788769292603e+01 6.692183948458081488e+01 5.553267596649741478e+01 0.000000000000000000e+00 3.379942159268409796e+01 0.000000000000000000e+00 5.392055174050057786e+01 6.752452443371963398e+01 5.978260951146244651e+01 0.000000000000000000e+00 0.000000000000000000e+00 0.000000000000000000e+00 3.457454844245980752e+01 0.000000000000000000e+00 0.000000000000000000e+00 0.000000000000000000e+00 8.162504701376900584e+01 9.363062159357909309e+01 6.950289274555412078e+01 9.408073819863447795e+01 7.378772458885013918e+01 8.637734019984640099e+01 6.174869148411163167e+01 1.234752031786139668e+02 1.111496905078912079e+02 1.214597830559564215e+02 0.000000000000000000e+00 0.000000000000000000e+00 0.000000000000000000e+00 0.000000000000000000e+00 0.000000000000000000e+00 0.000000000000000000e+00 0.000000000000000000e+00 0.000000000000000000e+00 0.000000000000000000e+00 0.000000000000000000e+00 0.000000000000000000e+00 0.000000000000000000e+00 0.000000000000000000e+00 0.000000000000000000e+00 0.000000000000000000e+00 0.000000000000000000e+00 0.000000000000000000e+00 0.000000000000000000e+00 0.000000000000000000e+00 0.000000000000000000e+00 0.000000000000000000e+00 0.000000000000000000e+00 0.000000000000000000e+00 0.000000000000000000e+00 0.000000000000000000e+00 0.000000000000000000e+00 0.000000000000000000e+00 0.000000000000000000e+00 0.000000000000000000e+00 7.281437083433462476e+01 0.000000000000000000e+00 7.475253574294320913e+01 6.196323668111600824e+01 9.802868763785426154e+01 5.610538209476877114e+01 0.000000000000000000e+00 0.000000000000000000e+00 0.000000000000000000e+00 0.000000000000000000e+00 0.000000000000000000e+00 0.000000000000000000e+00 0.000000000000000000e+00 6.912517558748042745e+01 1.209925030735375771e+02 0.000000000000000000e+00
8.294483528225249813e+01 1.115062962347866744e+02 0.000000000000000000e+00 7.739646115940961124e+01 1.489349858159593154e+01 4.939158329108310852e+01 4.851004844359568580e+01 8.285294261521434578e+01 0.000000000000000000e+00 6.387618178945889014e+01 0.000000000000000000e+00 9.357502818594285543e+01 0.000000000000000000e+00 0.000000000000000000e+00 2.057880948937522803e+01 0.000000000000000000e+00 0.000000000000000000e+00 0.000000000000000000e+00 0.000000000000000000e+00 0.000000000000000000e+00 0.000000000000000000e+00 0.000000000000000000e+00 0.000000000000000000e+00 0.000000000000000000e+00 2.583284150069441765e+01 3.890955923677368133e+01 0.000000000000000000e+00 4.255162159072201433e+01 4.590558136000458234e+01 8.332269378746705968e+01 3.859453199612607932e+01 4.855821351738549652e+01 8.674426494011001409e+01 8.630448771645654915e+01 0.000000000000000000e+00 1.046455245101289648e+02 7.139337084071601680e+01 0.000000000000000000e+00 6.796279276192230157e+01 8.693572223200310134e+01 5.217494417821642116e+01 7.682225849322577460e+01 1.322023210840112029e+02 0.000000000000000000e+00 1.378919054912216211e+02 0.000000000000000000e+00 0.000000000000000000e+00 0.000000000000000000e+00 0.000000000000000000e+00 0.000000000000000000e+00 0.000000000000000000e+00 0.000000000000000000e+00 0.000000000000000000e+00 0.000000000000000000e+00 0.000000000000000000e+00 0.000000000000000000e+00 0.000000000000000000e+00 0.000000000000000000e+00 0.000000000000000000e+00 0.000000000000000000e+00 0.000000000000000000e+00 0.000000000000000000e+00 0.000000000000000000e+00 0.000000000000000000e+00 0.000000000000000000e+00 0.000000000000000000e+00 0.000000000000000000e+00 0.000000000000000000e+00 0.000000000000000000e+00 0.000000000000000000e+00 0.000000000000000000e+00 0.000000000000000000e+00 0.000000000000000000e+00 0.000000000000000000e+00 0.000000000000000000e+00 0.000000000000000000e+00 0.000000000000000000e+00 0.000000000000000000e+00 0.000000000000000000e+00 0.000000000000000000e+00 0.000000000000000000e+00 0.000000000000000000e+00 0.000000000000000000e+00 0.000000000000000000e+00 0.000000000000000000e+00 0.000000000000000000e+00 0.000000000000000000e+00 0.000000000000000000e+00 0.000000000000000000e+00 0.000000000000000000e+00
1.111671295842435683e+02 8.780699573496409016e+01 0.000000000000000000e+00 5.969842376478628410e+01 0.000000000000000000e+00 1.570924250242512699e+01 8.345554385419821131e+01 0.000000000000000000e+00 6.387618178945889014e+01 0.000000000000000000e+00 0.000000000000000000e+00 5.231799021369226921e+01 0.000000000000000000e+00 0.000000000000000000e+00 7.255166710696592247e+01 2.192176087817765406e+01 1.038901482336029858e+02 0.000000000000000000e+00 0.000000000000000000e+00 0.000000000000000000e+00 0.000000000000000000e+00 0.000000000000000000e+00 0.000000000000000000e+00 0.000000000000000000e+00 0.000000000000000000e+00 0.000000000000000000e+00 0.000000000000000000e+00 0.000000000000000000e+00 8.353160240292292826e+01 4.843136690203984074e+01 0.000000000000000000e+00 0.000000000000000000e+00 0.000000000000000000e+00 8.341290307860049325e+01 1.087271861127657502e+02 1.031342212846928987e+02 9.362720224379236811e+01 7.247882035463878481e+01 8.804007610173903231e+01 0.000000000000000000e+00 0.000000000000000000e+00 5.271598429319137580e+01 0.000000000000000000e+00 0.000000000000000000e+00 0.000000000000000000e+00 0.000000000000000000e+00 0.000000000000000000e+00 0.000000000000000000e+00 0.000000000000000000e+00 0.000000000000000000e+00 0.000000000000000000e+00 1.357475255759750610e+02 1.482354144595683181e+02 1.347082447365416442e+02 1.133950514793304478e+02 9.217907951373783249e+01 0.000000000000000000e+00 0.000000000000000000e+00 0.000000000000000000e+00 0.000000000000000000e+00 0.000000000000000000e+00 0.000000000000000000e+00 0.000000000000000000e+00 0.000000000000000000e+00 0.000000000000000000e+00 0.000000000000000000e+00 0.000000000000000000e+00 0.000000000000000000e+00 0.000000000000000000e+00 0.000000000000000000e+00 0.000000000000000000e+00 0.000000000000000000e+00 0.000000000000000000e+00 4.976463101440621273e+01 7.404331772685500823e+01 0.000000000000000000e+00 0.000000000000000000e+00 0.000000000000000000e+00 1.057704774499954681e+02 0.000000000000000000e+00 1.146388594674598238e+02 0.000000000000000000e+00 0.000000000000000000e+00 0.000000000000000000e+00 1.241115748026750225e+02 0.000000000000000000e+00 8.258009748117278548e+01 0.000000000000000000e+00 1.163540532168948545e+02 8.691365715467276232e+01
0.000000000000000000e+00 9.795993313595104723e+01 4.385931144010357485e+01 0.000000000000000000e+00 5.707358320624349801e+01 0.000000000000000000e+00 0.000000000000000000e+00 8.965684413361871918e+01 0.000000000000000000e+00 0.000000000000000000e+00 0.000000000000000000e+00 9.868460619569802361e+01 1.812665992399040960e+01 1.004035108947889086e+02 3.804418220963621167e+01 9.681961268255518860e+01 2.184449358534090990e+01 0.000000000000000000e+00 6.095027563514376823e+01 7.243524694511643247e+01 5.063743378173897725e+01 6.626832124024268467e+01 0.000000000000000000e+00 6.991075024629617474e+01 0.000000000000000000e+00 7.350220540908959777e+01 6.206870145250341864e+01 7.157010618966552329e+01 0.000000000000000000e+00 0.000000000000000000e+00 0.000000000000000000e+00 0.000000000000000000e+00 0.000000000000000000e+00 0.000000000000000000e+00 0.000000000000000000e+00 7.812932228043450777e+01 5.017492800194136748e+01 8.915939770994418723e+01 0.000000000000000000e+00 0.000000000000000000e+00 0.000000000000000000e+00 8.495846632325704206e+01 1.010795750881452904e+02 1.077861549550776203e+02 1.024522796232470370e+02 0.000000000000000000e+00 0.000000000000000000e+00 0.000000000000000000e+00 0.000000000000000000e+00 0.000000000000000000e+00 0.000000000000000000e+00 0.000000000000000000e+00 0.000000000000000000e+00 0.000000000000000000e+00 6.819821331970508993e+01 0.000000000000000000e+00 0.000000000000000000e+00 0.000000000000000000e+00 0.000000000000000000e+00 0.000000000000000000e+00 0.000000000000000000e+00 0.000000000000000000e+00 0.000000000000000000e+00 0.000000000000000000e+00 0.000000000000000000e+00 0.000000000000000000e+00 0.000000000000000000e+00 0.000000000000000000e+00 0.000000000000000000e+00 0.000000000000000000e+00 0.000000000000000000e+00 0.000000000000000000e+00 0.000000000000000000e+00 0.000000000000000000e+00 3.818240563400897258e+01 0.000000000000000000e+00 4.951385765621579793e+01 6.935407846695102307e+01 3.350204919105695467e+01 9.928519829259545304e+01 0.000000000000000000e+00 0.000000000000000000e+00 0.000000000000000000e+00 0.000000000000000000e+00 0.000000000000000000e+00 1.188724177427211259e+02 0.000000000000000000e+00 1.058956911304704676e+02 5.869241944237773367e+01 0.000000000000000000e+00
0.000000000000000000e+00 3.945893308238326114e+01 7.441959083467203584e+01 3.954235324307343546e+01 8.190391687825436406e+01 5.794603869118233774e+01 8.663972472255437651e+01 2.540502706158763502e+01 9.357502818594285543e+01 5.231799021369226921e+01 9.868460619569802361e+01 0.000000000000000000e+00 9.722021240462292724e+01 1.681864738913328949e+01 9.379773824565280904e+01 3.858011534456578318e+01 1.004240648450360283e+02 2.242061105322510883e+01 6.915698229390869756e+01 0.000000000000000000e+00 0.000000000000000000e+00 0.000000000000000000e+00 0.000000000000000000e+00 5.525183888342540683e+01 0.000000000000000000e+00 6.267415176929002740e+01 7.147061633986375284e+01 0.000000000000000000e+00 0.000000000000000000e+00 0.000000000000000000e+00 0.000000000000000000e+00 0.000000000000000000e+00 0.000000000000000000e+00 5.180630174023234247e+01 0.000000000000000000e+00 7.108961457203155021e+01 8.905191126528391976e+01 5.153082669626017775e+01 8.845108196059560157e+01 0.000000000000000000e+00 0.000000000000000000e+00 4.736156775276764108e+01 0.000000000000000000e+00 9.529670036260436916e+01 0.000000000000000000e+00 0.000000000000000000e+00 0.000000000000000000e+00 0.000000000000000000e+00 0.000000000000000000e+00 0.000000000000000000e+00 0.000000000000000000e+00 9.556337478343887426e+01 1.305660331020284843e+02 1.019328352396812392e+02 1.068139391652606349e+02 0.000000000000000000e+00 0.000000000000000000e+00 0.000000000000000000e+00 0.000000000000000000e+00 0.000000000000000000e+00 0.000000000000000000e+00 0.000000000000000000e+00 0.000000000000000000e+00 0.000000000000000000e+00 0.000000000000000000e+00 0.000000000000000000e+00 0.000000000000000000e+00 0.000000000000000000e+00 0.000000000000000000e+00 0.000000000000000000e+00 0.000000000000000000e+00 0.000000000000000000e+00 0.000000000000000000e+00 3.103488037676317646e+01 7.274573939413909329e+01 0.000000000000000000e+00 7.047211505269301313e+01 5.118069264869321700e+01 9.887436776030479280e+01 3.423700483395123229e+01 1.102671465124585524e+02 0.000000000000000000e+00 0.000000000000000000e+00 3.832033794214241595e+01 1.188008371182627627e+02 5.746504502739033882e+01 1.027861984898750904e+02 5.397402060250838929e+01 1.176135970030676248e+02 0.000000000000000000e+00
0.000000000000000000e+00 1.022988118210568445e+02 3.944427715144492197e+01 0.000000000000000000e+00 0.000000000000000000e+00 0.000000000000000000e+00 0.000000000000000000e+00 8.561059455464609869e+01 0.000000000000000000e+00 0.000000000000000000e+00 1.812665992399040960e+01 9.722021240462292724e+01 0.000000000000000000e+00 9.591049473337106690e+01 2.782103520719529399e+01 9.061143636429123660e+01 3.842252073979530280e+01 0.000000000000000000e+00 6.704239927090915785e+01 0.000000000000000000e+00 4.771029763059543427e+01 0.000000000000000000e+00 0.000000000000000000e+00 6.075672966840792810e+01 0.000000000000000000e+00 0.000000000000000000e+00 5.219054033060014319e+01 0.000000000000000000e+00 0.000000000000000000e+00 0.000000000000000000e+00 0.000000000000000000e+00 0.000000000000000000e+00 0.000000000000000000e+00 0.000000000000000000e+00 0.000000000000000000e+00 8.953755189863078101e+01 5.974528768028487491e+01 9.304350917715862579e+01 6.246906274308907570e+01 0.000000000000000000e+00 0.000000000000000000e+00 8.463310817877363945e+01 0.000000000000000000e+00 1.201386557274551876e+02 1.177113291064203366e+02 0.000000000000000000e+00 0.000000000000000000e+00 0.000000000000000000e+00 0.000000000000000000e+00 0.000000000000000000e+00 0.000000000000000000e+00 0.000000000000000000e+00 0.000000000000000000e+00 0.000000000000000000e+00 7.942536685467683810e+01 0.000000000000000000e+00 0.000000000000000000e+00 0.000000000000000000e+00 0.000000000000000000e+00 0.000000000000000000e+00 0.000000000000000000e+00 0.000000000000000000e+00 0.000000000000000000e+00 0.000000000000000000e+00 0.000000000000000000e+00 0.000000000000000000e+00 0.000000000000000000e+00 0.000000000000000000e+00 0.000000000000000000e+00 0.000000000000000000e+00 0.000000000000000000e+00 0.000000000000000000e+00 0.000000000000000000e+00 0.000000000000000000e+00 4.313700151841803887e+01 0.000000000000000000e+00 5.912439344297749244e+01 7.562326361642956840e+01 4.908596846350289411e+01 1.029015723883751008e+02 0.000000000000000000e+00 0.000000000000000000e+00 0.000000000000000000e+00 0.000000000000000000e+00 0.000000000000000000e+00 1.239600488060568608e+02 0.000000000000000000e+00 1.021580050705768201e+02 6.897668664121233917e+01 0.000000000000000000e+00
0.000000000000000000e+00 5.468514332064971484e+01 7.441768472614558050e+01 0.000000000000000000e+00 7.432286391145055404e+01 0.000000000000000000e+00 0.000000000000000000e+00 2.378096928218023010e+01 0.000000000000000000e+00 0.000000000000000000e+00 1.004035108947889086e+02 1.681864738913328949e+01 9.591049473337106690e+01 0.000000000000000000e+00 9.022392698170480685e+01 2.770276881468709718e+01 0.000000000000000000e+00 0.000000000000000000e+00 7.724184552430114081e+01 7.008927592720587540e+01 6.553320608668555280e+01 4.941414170052941301e+01 0.000000000000000000e+00 4.883828211556995313e+01 0.000000000000000000e+00 5.191029762966111605e+01 6.451319477440254957e+01 5.319619253292476202e+01 0.000000000000000000e+00 0.000000000000000000e+00 0.000000000000000000e+00 0.000000000000000000e+00 0.000000000000000000e+00 0.000000000000000000e+00 0.000000000000000000e+00 8.413395866117319599e+01 9.412985498767115189e+01 5.949339122961473691e+01 9.194726205820377629e+01 0.000000000000000000e+00 0.000000000000000000e+00 4.902937282894815496e+01 1.233147302636631508e+02 1.089722193955872456e+02 1.244964826812388168e+02 0.000000000000000000e+00 0.000000000000000000e+00 0.000000000000000000e+00 0.000000000000000000e+00 0.000000000000000000e+00 0.000000000000000000e+00 0.000000000000000000e+00 0.000000000000000000e+00 0.000000000000000000e+00 1.130866557114498789e+02 0.000000000000000000e+00 0.000000000000000000e+00 0.000000000000000000e+00 0.000000000000000000e+00 0.000000000000000000e+00 0.000000000000000000e+00 0.000000000000000000e+00 0.000000000000000000e+00 0.000000000000000000e+00 0.000000000000000000e+00 0.000000000000000000e+00 0.000000000000000000e+00 0.000000000000000000e+00 0.000000000000000000e+00 0.000000000000000000e+00 0.000000000000000000e+00 0.000000000000000000e+00 0.000000000000000000e+00 0.000000000000000000e+00 7.577073379610361314e+01 0.000000000000000000e+00 7.783641114542730577e+01 6.088299762659521974e+01 1.046205529520848927e+02 4.766922067749796810e+01 0.000000000000000000e+00 0.000000000000000000e+00 0.000000000000000000e+00 0.000000000000000000e+00 0.000000000000000000e+00 6.954855354354970132e+01 0.000000000000000000e+00 4.933522271156784456e+01 1.216663047026579108e+02 0.000000000000000000e+00
7.284684962302762301e+01 1.077934548105774297e+02 5.721614282700294041e+01 8.048867870700821925e+01 2.558258196507928517e+01 5.721049816248762454e+01 4.768110527242421171e+01 8.687859287534529074e+01 2.057880948937522803e+01 7.255166710696592247e+01 3.804418220963621167e+01 9.379773824565280904e+01 2.782103520719529399e+01 9.022392698170480685e+01 0.000000000000000000e+00 7.721522129735819817e+01 4.837325810817377914e+01 0.000000000000000000e+00 8.372308701905348016e+01 9.160749532652883431e+01 3.201850246341948747e+01 4.872012520509363043e+01 0.000000000000000000e+00 6.503270100495595329e+01 3.894435389116116397e+01 4.911681585770804048e+01 3.211884960580001547e+01 0.000000000000000000e+00 2.866022679603216261e+01 8.015390009226001666e+01 4.148835137722394251e+01 5.287538274093152779e+01 7.677166990498513144e+01 0.000000000000000000e+00 0.000000000000000000e+00 9.109932601287455611e+01 5.263958016549904073e+01 8.249092434928826378e+01 4.970190942006151857e+01 7.705893069592907807e+01 3.422790382129761610e+01 7.028617929579043277e+01 1.146291084323698328e+02 1.181120679693654409e+02 1.213892787687611161e+02 0.000000000000000000e+00 0.000000000000000000e+00 0.000000000000000000e+00 0.000000000000000000e+00 0.000000000000000000e+00 0.000000000000000000e+00 0.000000000000000000e+00 0.000000000000000000e+00 0.000000000000000000e+00 0.000000000000000000e+00 0.000000000000000000e+00 0.000000000000000000e+00 0.000000000000000000e+00 0.000000000000000000e+00 0.000000000000000000e+00 0.000000000000000000e+00 0.000000000000000000e+00 0.000000000000000000e+00 0.000000000000000000e+00 0.000000000000000000e+00 0.000000000000000000e+00 0.000000000000000000e+00 0.000000000000000000e+00 0.000000000000000000e+00 0.000000000000000000e+00 0.000000000000000000e+00 0.000000000000000000e+00 0.000000000000000000e+00 0.000000000000000000e+00 0.000000000000000000e+00 0.000000000000000000e+00 0.000000000000000000e+00 0.000000000000000000e+00 5.461919351290350733e+01 0.000000000000000000e+00 0.000000000000000000e+00 0.000000000000000000e+00 0.000000000000000000e+00 0.000000000000000000e+00 0.000000000000000000e+00 0.000000000000000000e+00 0.000000000000000000e+00 0.000000000000000000e+00 0.000000000000000000e+00 0.000000000000000000e+00
0.000000000000000000e+00 7.570611666173348908e+01 8.059191894973093895e+01 0.000000000000000000e+00 0.000000000000000000e+00 2.780219235959639335e+01 8.841260882928408193e+01 4.610063231670472561e+01 0.000000000000000000e+00 2.192176087817765406e+01 9.681961268255518860e+01 3.858011534456578318e+01 9.061143636429123660e+01 2.770276881468709718e+01 7.721522129735819817e+01 0.000000000000000000e+00 1.006830080003572476e+02 4.812200016624412768e+01 0.000000000000000000e+00 0.000000000000000000e+00 0.000000000000000000e+00 0.000000000000000000e+00 6.508950760299235583e+01 0.000000000000000000e+00 0.000000000000000000e+00 0.000000000000000000e+00 0.000000000000000000e+00 0.000000000000000000e+00 0.000000000000000000e+00 0.000000000000000000e+00 0.000000000000000000e+00 0.000000000000000000e+00 0.000000000000000000e+00 7.389894180568488480e+01 0.000000000000000000e+00 8.811412145621153513e+01 8.484133308712209498e+01 5.339753365090938075e+01 7.931638292307584948e+01 0.000000000000000000e+00 0.000000000000000000e+00 0.000000000000000000e+00 0.000000000000000000e+00 0.000000000000000000e+00 0.000000000000000000e+00 0.000000000000000000e+00 0.000000000000000000e+00 0.000000000000000000e+00 0.000000000000000000e+00 0.000000000000000000e+00 0.000000000000000000e+00 1.162951533813856031e+02 1.350921600241849774e+02 1.143418645991047384e+02 1.028041229717952518e+02 0.000000000000000000e+00 0.000000000000000000e+00 0.000000000000000000e+00 0.000000000000000000e+00 0.000000000000000000e+00 0.000000000000000000e+00 0.000000000000000000e+00 0.000000000000000000e+00 0.000000000000000000e+00 0.000000000000000000e+00 0.000000000000000000e+00 0.000000000000000000e+00 0.000000000000000000e+00 0.000000000000000000e+00 0.000000000000000000e+00 0.000000000000000000e+00 0.000000000000000000e+00 0.000000000000000000e+00 3.366768331798313341e+01 6.830126572765691151e+01 0.000000000000000000e+00 7.473915372814974489e+01 6.061696792153167479e+01 1.000765122293937708e+02 5.438838478940149201e+01 1.098616134052290363e+02 0.000000000000000000e+00 0.000000000000000000e+00 0.000000000000000000e+00 0.000000000000000000e+00 0.000000000000000000e+00 0.000000000000000000e+00 2.710138003866223144e+01 1.097253211432985580e+02 0.000000000000000000e+00
3.805942984333842105e+01 9.639654246911555902e+01 0.000000000000000000e+00 0.000000000000000000e+00 0.000000000000000000e+00 9.106887393615888016e+01 4.847119866477411421e+01 0.000000000000000000e+00 0.000000000000000000e+00 1.038901482336029858e+02 2.184449358534090990e+01 1.004240648450360283e+02 3.842252073979530280e+01 0.000000000000000000e+00 4.837325810817377914e+01 1.006830080003572476e+02 0.000000000000000000e+00 9.983722452071673104e+01 0.000000000000000000e+00 0.000000000000000000e+00 0.000000000000000000e+00 6.743162685268686118e+01 7.351772371340125289e+01 8.335924003972206719e+01 0.000000000000000000e+00 0.000000000000000000e+00 0.000000000000000000e+00 0.000000000000000000e+00 0.000000000000000000e+00 8.823186612556713726e+01 0.000000000000000000e+00 0.000000000000000000e+00 0.000000000000000000e+00 6.093160509948838666e+01 5.559827425379315713e+01 6.445754649379698265e+01 3.492693659627193625e+01 8.094838170093333929e+01 4.395342421245470632e+01 8.056846095092048188e+01 0.000000000000000000e+00 0.000000000000000000e+00 0.000000000000000000e+00 0.000000000000000000e+00 0.000000000000000000e+00 0.000000000000000000e+00 0.000000000000000000e+00 0.000000000000000000e+00 0.000000000000000000e+00 0.000000000000000000e+00 0.000000000000000000e+00 1.106838371217767190e+02 0.000000000000000000e+00 1.146649732917598357e+02 4.936380050198727787e+01 9.319076241774180858e+01 3.801596243685012411e+01 0.000000000000000000e+00 0.000000000000000000e+00 0.000000000000000000e+00 0.000000000000000000e+00 1.070558200192778031e+02 0.000000000000000000e+00 0.000000000000000000e+00 0.000000000000000000e+00 0.000000000000000000e+00 0.000000000000000000e+00 0.000000000000000000e+00 0.000000000000000000e+00 0.000000000000000000e+00 0.000000000000000000e+00 0.000000000000000000e+00 2.874440119397166882e+01 7.698906285960363505e+01 3.354307976319407203e+01 0.000000000000000000e+00 0.000000000000000000e+00 0.000000000000000000e+00 1.227394802009524177e+01 0.000000000000000000e+00 1.521027284436410021e+01 0.000000000000000000e+00 0.000000000000000000e+00 0.000000000000000000e+00 0.000000000000000000e+00 0.000000000000000000e+00 0.000000000000000000e+00 0.000000000000000000e+00 4.204392227183377884e+01 0.000000000000000000e+00
